At time 1730036185.71642029
- Translation: [0.000, 0.000, 0.000]
- Rotation: in Quaternion [0.000, 0.000, -0.010, 1.000]
- Rotation: in RPY (radian) [0.000, 0.000, -0.021]
- Rotation: in RPY (degree) [0.000, 0.000, -1.193]
- Matrix:
  1.000  0.021  0.000  0.000
 -0.021  1.000 -0.000  0.000
 -0.000  0.000  1.000  0.000
  0.000  0.000  0.000  1.000
At time 1730036186.78916496
- Translation: [0.000, 0.000, 0.000]
- Rotation: in Quaternion [0.000, 0.000, -0.010, 1.000]
- Rotation: in RPY (radian) [0.000, 0.000, -0.021]
- Rotation: in RPY (degree) [0.000, 0.000, -1.193]
- Matrix:
  1.000  0.021  0.000  0.000
 -0.021  1.000 -0.000  0.000
 -0.000  0.000  1.000  0.000
  0.000  0.000  0.000  1.000
At time 1730036187.71568462
- Translation: [0.000, 0.000, 0.000]
- Rotation: in Quaternion [0.000, 0.000, -0.010, 1.000]
- Rotation: in RPY (radian) [0.000, 0.000, -0.021]
- Rotation: in RPY (degree) [0.000, 0.000, -1.193]
- Matrix:
  1.000  0.021  0.000  0.000
 -0.021  1.000 -0.000  0.000
 -0.000  0.000  1.000  0.000
  0.000  0.000  0.000  1.000
At time 1730036188.78989640
- Translation: [0.000, 0.000, 0.000]
- Rotation: in Quaternion [0.000, 0.000, -0.010, 1.000]
- Rotation: in RPY (radian) [0.000, 0.000, -0.021]
- Rotation: in RPY (degree) [0.000, 0.000, -1.193]
- Matrix:
  1.000  0.021  0.000  0.000
 -0.021  1.000 -0.000  0.000
 -0.000  0.000  1.000  0.000
  0.000  0.000  0.000  1.000
At time 1730036189.70896375
- Translation: [0.000, 0.000, 0.000]
- Rotation: in Quaternion [0.000, 0.000, -0.010, 1.000]
- Rotation: in RPY (radian) [0.000, 0.000, -0.021]
- Rotation: in RPY (degree) [0.000, 0.000, -1.193]
- Matrix:
  1.000  0.021  0.000  0.000
 -0.021  1.000 -0.000  0.000
 -0.000  0.000  1.000  0.000
  0.000  0.000  0.000  1.000
At time 1730036190.79067101
- Translation: [0.000, 0.000, 0.000]
- Rotation: in Quaternion [0.000, 0.000, -0.010, 1.000]
- Rotation: in RPY (radian) [0.000, 0.000, -0.021]
- Rotation: in RPY (degree) [0.000, 0.000, -1.193]
- Matrix:
  1.000  0.021  0.000  0.000
 -0.021  1.000 -0.000  0.000
 -0.000  0.000  1.000  0.000
  0.000  0.000  0.000  1.000
At time 1730036191.71818679
- Translation: [0.000, 0.000, 0.000]
- Rotation: in Quaternion [0.000, 0.000, -0.090, 0.996]
- Rotation: in RPY (radian) [0.000, 0.000, -0.181]
- Rotation: in RPY (degree) [0.000, 0.000, -10.353]
- Matrix:
  0.984  0.180  0.000  0.000
 -0.180  0.984 -0.000  0.000
 -0.000  0.000  1.000  0.000
  0.000  0.000  0.000  1.000
At time 1730036192.79292203
- Translation: [0.767, -0.772, 0.000]
- Rotation: in Quaternion [0.000, 0.000, -0.526, 0.850]
- Rotation: in RPY (radian) [0.000, 0.000, -1.109]
- Rotation: in RPY (degree) [0.000, 0.000, -63.530]
- Matrix:
  0.446  0.895  0.000  0.767
 -0.895  0.446 -0.000 -0.772
 -0.000  0.000  1.000  0.000
  0.000  0.000  0.000  1.000
At time 1730036193.71324124
- Translation: [1.215, -1.096, 0.000]
- Rotation: in Quaternion [0.000, 0.000, -0.652, 0.758]
- Rotation: in RPY (radian) [0.000, 0.000, -1.421]
- Rotation: in RPY (degree) [0.000, 0.000, -81.394]
- Matrix:
  0.150  0.989  0.000  1.215
 -0.989  0.150 -0.000 -1.096
 -0.000  0.000  1.000  0.000
  0.000  0.000  0.000  1.000
At time 1730036194.79720780
- Translation: [1.890, -1.411, 0.000]
- Rotation: in Quaternion [0.000, 0.000, -0.494, 0.869]
- Rotation: in RPY (radian) [0.000, 0.000, -1.034]
- Rotation: in RPY (degree) [0.000, 0.000, -59.270]
- Matrix:
  0.511  0.860  0.000  1.890
 -0.860  0.511 -0.000 -1.411
 -0.000  0.000  1.000  0.000
  0.000  0.000  0.000  1.000
At time 1730036195.71181982
- Translation: [2.159, -0.767, 0.000]
- Rotation: in Quaternion [0.000, 0.000, 0.250, 0.968]
- Rotation: in RPY (radian) [0.000, -0.000, 0.505]
- Rotation: in RPY (degree) [0.000, -0.000, 28.949]
- Matrix:
  0.875 -0.484  0.000  2.159
  0.484  0.875  0.000 -0.767
  0.000  0.000  1.000  0.000
  0.000  0.000  0.000  1.000
At time 1730036196.79163385
- Translation: [2.375, 0.232, 0.000]
- Rotation: in Quaternion [0.000, 0.000, 0.095, 0.995]
- Rotation: in RPY (radian) [0.000, -0.000, 0.191]
- Rotation: in RPY (degree) [0.000, -0.000, 10.935]
- Matrix:
  0.982 -0.190  0.000  2.375
  0.190  0.982  0.000  0.232
  0.000  0.000  1.000  0.000
  0.000  0.000  0.000  1.000
At time 1730036197.71146913
- Translation: [2.544, 0.596, 0.000]
- Rotation: in Quaternion [0.000, 0.000, 0.287, 0.958]
- Rotation: in RPY (radian) [0.000, -0.000, 0.582]
- Rotation: in RPY (degree) [0.000, -0.000, 33.335]
- Matrix:
  0.835 -0.550  0.000  2.544
  0.550  0.835  0.000  0.596
  0.000  0.000  1.000  0.000
  0.000  0.000  0.000  1.000
At time 1730036198.79443859
- Translation: [2.662, 1.213, 0.000]
- Rotation: in Quaternion [0.000, 0.000, 0.342, 0.940]
- Rotation: in RPY (radian) [0.000, -0.000, 0.698]
- Rotation: in RPY (degree) [0.000, -0.000, 39.999]
- Matrix:
  0.766 -0.643  0.000  2.662
  0.643  0.766  0.000  1.213
  0.000  0.000  1.000  0.000
  0.000  0.000  0.000  1.000
At time 1730036199.71432457
- Translation: [2.590, 1.059, 0.000]
- Rotation: in Quaternion [0.000, 0.000, 0.470, 0.883]
- Rotation: in RPY (radian) [0.000, -0.000, 0.978]
- Rotation: in RPY (degree) [0.000, -0.000, 56.028]
- Matrix:
  0.559 -0.829  0.000  2.590
  0.829  0.559  0.000  1.059
  0.000  0.000  1.000  0.000
  0.000  0.000  0.000  1.000
At time 1730036200.79165959
- Translation: [2.710, 1.473, 0.000]
- Rotation: in Quaternion [0.000, 0.000, 0.383, 0.924]
- Rotation: in RPY (radian) [0.000, -0.000, 0.785]
- Rotation: in RPY (degree) [0.000, -0.000, 44.982]
- Matrix:
  0.707 -0.707  0.000  2.710
  0.707  0.707  0.000  1.473
  0.000  0.000  1.000  0.000
  0.000  0.000  0.000  1.000
At time 1730036201.71063274
- Translation: [2.466, 1.353, 0.000]
- Rotation: in Quaternion [0.000, 0.000, 0.542, 0.840]
- Rotation: in RPY (radian) [0.000, -0.000, 1.146]
- Rotation: in RPY (degree) [0.000, -0.000, 65.642]
- Matrix:
  0.412 -0.911  0.000  2.466
  0.911  0.412  0.000  1.353
  0.000  0.000  1.000  0.000
  0.000  0.000  0.000  1.000
At time 1730036202.79436165
- Translation: [2.061, 1.229, 0.000]
- Rotation: in Quaternion [0.000, 0.000, 0.651, 0.759]
- Rotation: in RPY (radian) [0.000, -0.000, 1.419]
- Rotation: in RPY (degree) [0.000, -0.000, 81.296]
- Matrix:
  0.151 -0.988  0.000  2.061
  0.988  0.151  0.000  1.229
  0.000  0.000  1.000  0.000
  0.000  0.000  0.000  1.000
At time 1730036203.70615415
- Translation: [2.543, 1.240, 0.000]
- Rotation: in Quaternion [0.000, 0.000, 0.261, 0.965]
- Rotation: in RPY (radian) [0.000, -0.000, 0.528]
- Rotation: in RPY (degree) [0.000, -0.000, 30.271]
- Matrix:
  0.864 -0.504  0.000  2.543
  0.504  0.864  0.000  1.240
  0.000  0.000  1.000  0.000
  0.000  0.000  0.000  1.000
At time 1730036204.79277193
- Translation: [2.929, 0.697, 0.000]
- Rotation: in Quaternion [0.000, 0.000, 0.260, 0.966]
- Rotation: in RPY (radian) [0.000, -0.000, 0.526]
- Rotation: in RPY (degree) [0.000, -0.000, 30.137]
- Matrix:
  0.865 -0.502  0.000  2.929
  0.502  0.865  0.000  0.697
  0.000  0.000  1.000  0.000
  0.000  0.000  0.000  1.000
At time 1730036205.71548948
- Translation: [2.560, 1.125, 0.000]
- Rotation: in Quaternion [0.000, 0.000, 0.422, 0.907]
- Rotation: in RPY (radian) [0.000, -0.000, 0.871]
- Rotation: in RPY (degree) [0.000, -0.000, 49.915]
- Matrix:
  0.644 -0.765  0.000  2.560
  0.765  0.644  0.000  1.125
  0.000  0.000  1.000  0.000
  0.000  0.000  0.000  1.000
At time 1730036206.79492600
- Translation: [2.679, 0.588, 0.000]
- Rotation: in Quaternion [0.000, 0.000, 0.071, 0.997]
- Rotation: in RPY (radian) [0.000, -0.000, 0.142]
- Rotation: in RPY (degree) [0.000, -0.000, 8.125]
- Matrix:
  0.990 -0.141  0.000  2.679
  0.141  0.990  0.000  0.588
  0.000  0.000  1.000  0.000
  0.000  0.000  0.000  1.000
At time 1730036207.71415750
- Translation: [2.478, -0.686, 0.000]
- Rotation: in Quaternion [0.000, 0.000, -0.299, 0.954]
- Rotation: in RPY (radian) [0.000, 0.000, -0.606]
- Rotation: in RPY (degree) [0.000, 0.000, -34.748]
- Matrix:
  0.822  0.570  0.000  2.478
 -0.570  0.822 -0.000 -0.686
 -0.000  0.000  1.000  0.000
  0.000  0.000  0.000  1.000
At time 1730036208.78666862
- Translation: [2.343, -0.228, 0.000]
- Rotation: in Quaternion [0.000, 0.000, 0.272, 0.962]
- Rotation: in RPY (radian) [0.000, -0.000, 0.552]
- Rotation: in RPY (degree) [0.000, -0.000, 31.611]
- Matrix:
  0.852 -0.524  0.000  2.343
  0.524  0.852  0.000 -0.228
  0.000  0.000  1.000  0.000
  0.000  0.000  0.000  1.000
At time 1730036209.72046616
- Translation: [2.500, 0.703, 0.000]
- Rotation: in Quaternion [0.000, 0.000, 0.440, 0.898]
- Rotation: in RPY (radian) [0.000, -0.000, 0.911]
- Rotation: in RPY (degree) [0.000, -0.000, 52.182]
- Matrix:
  0.613 -0.790  0.000  2.500
  0.790  0.613  0.000  0.703
  0.000  0.000  1.000  0.000
  0.000  0.000  0.000  1.000
At time 1730036210.79433728
- Translation: [1.553, 1.458, 0.000]
- Rotation: in Quaternion [0.000, 0.000, 0.671, 0.741]
- Rotation: in RPY (radian) [0.000, -0.000, 1.471]
- Rotation: in RPY (degree) [0.000, -0.000, 84.291]
- Matrix:
  0.099 -0.995  0.000  1.553
  0.995  0.099  0.000  1.458
  0.000  0.000  1.000  0.000
  0.000  0.000  0.000  1.000
At time 1730036211.71809246
- Translation: [1.816, 1.132, 0.000]
- Rotation: in Quaternion [0.000, 0.000, 0.077, 0.997]
- Rotation: in RPY (radian) [0.000, -0.000, 0.155]
- Rotation: in RPY (degree) [0.000, -0.000, 8.861]
- Matrix:
  0.988 -0.154  0.000  1.816
  0.154  0.988  0.000  1.132
  0.000  0.000  1.000  0.000
  0.000  0.000  0.000  1.000
At time 1730036212.79335444
- Translation: [1.929, 0.613, 0.000]
- Rotation: in Quaternion [0.000, 0.000, 0.394, 0.919]
- Rotation: in RPY (radian) [0.000, -0.000, 0.811]
- Rotation: in RPY (degree) [0.000, -0.000, 46.449]
- Matrix:
  0.689 -0.725  0.000  1.929
  0.725  0.689  0.000  0.613
  0.000  0.000  1.000  0.000
  0.000  0.000  0.000  1.000
At time 1730036213.71127368
- Translation: [2.434, 0.802, 0.000]
- Rotation: in Quaternion [0.000, 0.000, 0.394, 0.919]
- Rotation: in RPY (radian) [0.000, -0.000, 0.809]
- Rotation: in RPY (degree) [0.000, -0.000, 46.380]
- Matrix:
  0.690 -0.724  0.000  2.434
  0.724  0.690  0.000  0.802
  0.000  0.000  1.000  0.000
  0.000  0.000  0.000  1.000
At time 1730036214.79258700
- Translation: [1.788, 0.782, 0.000]
- Rotation: in Quaternion [0.000, 0.000, 0.598, 0.801]
- Rotation: in RPY (radian) [0.000, -0.000, 1.282]
- Rotation: in RPY (degree) [0.000, -0.000, 73.478]
- Matrix:
  0.284 -0.959  0.000  1.788
  0.959  0.284  0.000  0.782
  0.000  0.000  1.000  0.000
  0.000  0.000  0.000  1.000
At time 1730036215.71424689
- Translation: [1.979, 0.403, 0.000]
- Rotation: in Quaternion [0.000, 0.000, 0.215, 0.977]
- Rotation: in RPY (radian) [0.000, -0.000, 0.433]
- Rotation: in RPY (degree) [0.000, -0.000, 24.809]
- Matrix:
  0.908 -0.420  0.000  1.979
  0.420  0.908  0.000  0.403
  0.000  0.000  1.000  0.000
  0.000  0.000  0.000  1.000
At time 1730036216.79021347
- Translation: [2.263, 0.734, 0.000]
- Rotation: in Quaternion [0.000, 0.000, 0.362, 0.932]
- Rotation: in RPY (radian) [0.000, -0.000, 0.742]
- Rotation: in RPY (degree) [0.000, -0.000, 42.493]
- Matrix:
  0.737 -0.675  0.000  2.263
  0.675  0.737  0.000  0.734
  0.000  0.000  1.000  0.000
  0.000  0.000  0.000  1.000
At time 1730036217.70547689
- Translation: [2.160, 0.909, 0.000]
- Rotation: in Quaternion [0.000, 0.000, 0.594, 0.804]
- Rotation: in RPY (radian) [0.000, -0.000, 1.273]
- Rotation: in RPY (degree) [0.000, -0.000, 72.953]
- Matrix:
  0.293 -0.956  0.000  2.160
  0.956  0.293  0.000  0.909
  0.000  0.000  1.000  0.000
  0.000  0.000  0.000  1.000
At time 1730036218.79629646
- Translation: [2.011, 0.651, 0.000]
- Rotation: in Quaternion [0.000, 0.000, -0.065, 0.998]
- Rotation: in RPY (radian) [0.000, 0.000, -0.131]
- Rotation: in RPY (degree) [0.000, 0.000, -7.480]
- Matrix:
  0.991  0.130  0.000  2.011
 -0.130  0.991 -0.000  0.651
 -0.000  0.000  1.000  0.000
  0.000  0.000  0.000  1.000
At time 1730036219.71007690
- Translation: [1.690, -0.425, 0.000]
- Rotation: in Quaternion [0.000, 0.000, -0.570, 0.822]
- Rotation: in RPY (radian) [0.000, 0.000, -1.213]
- Rotation: in RPY (degree) [0.000, 0.000, -69.493]
- Matrix:
  0.350  0.937  0.000  1.690
 -0.937  0.350 -0.000 -0.425
 -0.000  0.000  1.000  0.000
  0.000  0.000  0.000  1.000
At time 1730036220.79339952
- Translation: [1.885, -1.334, 0.000]
- Rotation: in Quaternion [0.000, 0.000, -0.529, 0.848]
- Rotation: in RPY (radian) [0.000, 0.000, -1.116]
- Rotation: in RPY (degree) [0.000, 0.000, -63.915]
- Matrix:
  0.440  0.898  0.000  1.885
 -0.898  0.440 -0.000 -1.334
 -0.000  0.000  1.000  0.000
  0.000  0.000  0.000  1.000
At time 1730036221.71324443
- Translation: [2.158, -0.928, 0.000]
- Rotation: in Quaternion [0.000, 0.000, -0.638, 0.770]
- Rotation: in RPY (radian) [0.000, 0.000, -1.385]
- Rotation: in RPY (degree) [0.000, 0.000, -79.329]
- Matrix:
  0.185  0.983  0.000  2.158
 -0.983  0.185 -0.000 -0.928
 -0.000  0.000  1.000  0.000
  0.000  0.000  0.000  1.000
At time 1730036222.79793627
- Translation: [1.273, -0.236, 0.000]
- Rotation: in Quaternion [0.000, 0.000, 0.880, -0.474]
- Rotation: in RPY (radian) [0.000, -0.000, -2.153]
- Rotation: in RPY (degree) [0.000, -0.000, -123.370]
- Matrix:
 -0.550  0.835  0.000  1.273
 -0.835 -0.550  0.000 -0.236
  0.000  0.000  1.000  0.000
  0.000  0.000  0.000  1.000
At time 1730036223.70967550
- Translation: [0.655, -0.058, 0.000]
- Rotation: in Quaternion [0.000, 0.000, -0.834, 0.552]
- Rotation: in RPY (radian) [0.000, 0.000, -1.972]
- Rotation: in RPY (degree) [0.000, 0.000, -112.985]
- Matrix:
 -0.390  0.921  0.000  0.655
 -0.921 -0.390 -0.000 -0.058
 -0.000  0.000  1.000  0.000
  0.000  0.000  0.000  1.000
At time 1730036224.79581900
- Translation: [0.328, -0.014, 0.000]
- Rotation: in Quaternion [0.000, 0.000, -0.808, 0.589]
- Rotation: in RPY (radian) [0.000, 0.000, -1.883]
- Rotation: in RPY (degree) [0.000, 0.000, -107.888]
- Matrix:
 -0.307  0.952  0.000  0.328
 -0.952 -0.307 -0.000 -0.014
 -0.000  0.000  1.000  0.000
  0.000  0.000  0.000  1.000
At time 1730036225.71290213
- Translation: [0.165, -0.004, 0.000]
- Rotation: in Quaternion [0.000, 0.000, -0.796, 0.606]
- Rotation: in RPY (radian) [0.000, 0.000, -1.840]
- Rotation: in RPY (degree) [0.000, 0.000, -105.426]
- Matrix:
 -0.266  0.964  0.000  0.165
 -0.964 -0.266 -0.000 -0.004
 -0.000  0.000  1.000  0.000
  0.000  0.000  0.000  1.000
At time 1730036226.79901327
- Translation: [0.082, -0.001, 0.000]
- Rotation: in Quaternion [0.000, 0.000, -0.789, 0.614]
- Rotation: in RPY (radian) [0.000, 0.000, -1.819]
- Rotation: in RPY (degree) [0.000, 0.000, -104.198]
- Matrix:
 -0.245  0.969  0.000  0.082
 -0.969 -0.245 -0.000 -0.001
 -0.000  0.000  1.000  0.000
  0.000  0.000  0.000  1.000
At time 1730036227.70923670
- Translation: [0.041, -0.000, 0.000]
- Rotation: in Quaternion [0.000, 0.000, -0.786, 0.618]
- Rotation: in RPY (radian) [0.000, 0.000, -1.808]
- Rotation: in RPY (degree) [0.000, 0.000, -103.603]
- Matrix:
 -0.235  0.972  0.000  0.041
 -0.972 -0.235 -0.000 -0.000
 -0.000  0.000  1.000  0.000
  0.000  0.000  0.000  1.000
At time 1730036228.79461339
- Translation: [0.021, -0.000, 0.000]
- Rotation: in Quaternion [0.000, 0.000, -0.784, 0.620]
- Rotation: in RPY (radian) [0.000, 0.000, -1.803]
- Rotation: in RPY (degree) [0.000, 0.000, -103.306]
- Matrix:
 -0.230  0.973  0.000  0.021
 -0.973 -0.230 -0.000 -0.000
 -0.000  0.000  1.000  0.000
  0.000  0.000  0.000  1.000
